     0/149     4.79G    0.1421    0.0449         0     0.187        11       512     0.466    0.1298    0.2217   0.05403    0.1022    0.0222         0
     1/149     5.11G    0.1175   0.03904         0    0.1565         8       512    0.6259    0.1228    0.2897   0.07935   0.09911   0.02168         0
     2/149     5.12G    0.1152   0.03861         0    0.1538         6       512    0.5407   0.09271    0.1926   0.04484    0.1092   0.02271         0
     3/149     5.12G    0.1131     0.039         0    0.1521        15       512     0.392    0.4092    0.3268   0.09033   0.09815   0.02066         0
     4/149     5.12G    0.1108   0.03789         0    0.1487        12       512    0.4913    0.4648    0.4124    0.1188    0.0927   0.02013         0
     5/149     5.12G    0.1086   0.03831         0    0.1469        14       512    0.5328    0.4079     0.424    0.1214   0.09205   0.02003         0
     6/149     5.12G    0.1072   0.03743         0    0.1446         6       512     0.513    0.4604    0.4153    0.1198   0.09262   0.01986         0
     7/149     5.12G    0.1064   0.03695         0    0.1434         1       512    0.4747     0.427    0.3846    0.1134   0.09406    0.0198         0
     8/149     5.12G    0.1047   0.03767         0    0.1424        18       512    0.7149    0.1471    0.3528   0.09634   0.09598   0.02168         0
     9/149     5.12G    0.1053   0.03782         0    0.1431         8       512    0.5053    0.4744    0.4406    0.1277   0.09131   0.01976         0
    10/149     5.12G    0.1054   0.03716         0    0.1426        13       512    0.5184    0.4188    0.4066    0.1245   0.09102   0.02003         0
    11/149     5.12G    0.1036   0.03711         0    0.1407        11       512     0.507    0.4687    0.4419    0.1333   0.09076   0.01975         0
    12/149     5.12G    0.1026    0.0369         0    0.1395         4       512    0.5471    0.4201     0.431    0.1218   0.09011   0.01966         0
    13/149     5.12G    0.1024   0.03725         0    0.1396         8       512    0.5108    0.5205    0.4625    0.1336    0.0897    0.0197         0
    14/149     5.12G    0.1026   0.03708         0    0.1397        12       512    0.6443    0.3018    0.4437    0.1274   0.09054   0.02028         0
    15/149     5.12G    0.1016   0.03686         0    0.1385         8       512     0.634    0.3561    0.4367    0.1265   0.09031   0.02012         0
    16/149     5.12G    0.1012   0.03683         0    0.1381         6       512     0.532    0.4322    0.4357    0.1284   0.08939   0.02001         0
    17/149     5.12G    0.1014    0.0367         0    0.1381         5       512     0.508    0.4978    0.4566    0.1343   0.08872   0.01968         0
    18/149     5.12G    0.1005   0.03764         0    0.1381         2       512    0.5237    0.4802    0.4421     0.124   0.08988   0.01962         0
    19/149     5.12G    0.1006   0.03665         0    0.1372        11       512      0.49    0.5364    0.4703    0.1368   0.08926   0.01962         0
    20/149     5.12G    0.1007   0.03621         0    0.1369        10       512    0.5597    0.4154    0.4272    0.1297   0.09066   0.01971         0
    21/149     5.12G    0.1001   0.03665         0    0.1367         5       512     0.555    0.4412     0.446    0.1347   0.09025    0.0201         0
    22/149     5.12G   0.09962   0.03712         0    0.1367        15       512    0.4923    0.5211    0.4615    0.1386   0.08948   0.01953         0
    23/149     5.12G       0.1   0.03704         0     0.137         9       512    0.6412    0.3389    0.4379     0.124   0.09095   0.02033         0
    24/149     5.12G    0.1003   0.03668         0    0.1369         7       512    0.5812    0.4297    0.4663    0.1436   0.08923   0.01967         0
    25/149     5.12G   0.09977   0.03704         0    0.1368        15       512    0.6193    0.3414    0.4322     0.126   0.09054   0.02014         0
    26/149     5.12G   0.09986   0.03736         0    0.1372        12       512    0.5401    0.4738    0.4711    0.1355   0.08898   0.01955         0
    27/149     5.12G   0.09872    0.0371         0    0.1358         8       512    0.5684    0.4636    0.4746    0.1471   0.08874   0.01948         0
    28/149     5.12G   0.09898   0.03665         0    0.1356         5       512    0.5247    0.4859    0.4616    0.1361   0.08863   0.01979         0
    29/149     5.12G   0.09887   0.03683         0    0.1357         5       512    0.5489    0.4676    0.4622    0.1409   0.08849   0.01963         0
    30/149     5.12G   0.09981   0.03694         0    0.1368        10       512    0.5007    0.4879    0.4571    0.1392   0.08859   0.01957         0
    31/149     5.12G   0.09732   0.03636         0    0.1337        12       512    0.5393    0.4936    0.4754    0.1408   0.08927   0.01943         0
    32/149     5.12G   0.09688   0.03626         0    0.1331         8       512    0.5743    0.4591    0.4745    0.1433   0.08811   0.01971         0
    33/149     5.12G    0.0979   0.03609         0     0.134         5       512    0.5412    0.4738    0.4616    0.1397   0.08853   0.01966         0
    34/149     5.12G   0.09755   0.03644         0     0.134         7       512    0.5356    0.5032    0.4727    0.1406   0.09011   0.01967         0
    35/149     5.12G   0.09686   0.03606         0    0.1329         9       512     0.554    0.4815    0.4725    0.1418   0.08804   0.01963         0
    36/149     5.12G   0.09764   0.03639         0     0.134        11       512    0.5375     0.374     0.394    0.1157   0.09234   0.01994         0
    37/149     5.12G   0.09727   0.03626         0    0.1335        12       512    0.5334    0.4987    0.4811    0.1483   0.08829   0.01936         0
    38/149     5.12G   0.09666   0.03651         0    0.1332        15       512    0.5532     0.482    0.4723    0.1407   0.08741   0.01948         0
    39/149     5.12G   0.09677   0.03648         0    0.1333         5       512    0.5575    0.4623    0.4684    0.1407   0.08914   0.01956         0
    40/149     5.12G   0.09692   0.03683         0    0.1337        10       512    0.5158    0.4891    0.4578    0.1327   0.08809   0.01961         0
    41/149     5.12G   0.09634   0.03695         0    0.1333        14       512    0.5534    0.4994    0.4888    0.1465   0.08733   0.01943         0
    42/149     5.12G   0.09712   0.03613         0    0.1333        12       512    0.5057    0.4794    0.4382    0.1272   0.08789   0.01969         0
    43/149     5.12G   0.09584   0.03558         0    0.1314         8       512     0.532    0.4859    0.4723    0.1449   0.08864   0.01946         0
    44/149     5.12G   0.09635   0.03676         0    0.1331        11       512    0.5445    0.5198    0.4856    0.1424   0.08794    0.0196         0
    45/149     5.12G   0.09656   0.03644         0     0.133        10       512    0.5365    0.5083    0.4695    0.1361   0.08761   0.01953         0
    46/149     5.12G   0.09435    0.0359         0    0.1302        10       512    0.5814    0.4724    0.4766    0.1408   0.08792   0.01962         0
    47/149     5.12G   0.09542   0.03644         0    0.1319         5       512    0.5551    0.4938    0.4703    0.1408   0.08796   0.01953         0
    48/149     5.12G   0.09542    0.0364         0    0.1318         5       512    0.5535    0.4514    0.4581    0.1397   0.08802   0.01972         0
    49/149     5.12G   0.09514   0.03631         0    0.1315         7       512    0.5191    0.5162    0.4771    0.1435   0.08926   0.01946         0
    50/149     5.12G   0.09403   0.03588         0    0.1299         4       512    0.5259    0.5102    0.4752     0.141    0.0883   0.01974         0
    51/149     5.12G   0.09451   0.03592         0    0.1304         2       512    0.5241    0.5118    0.4716    0.1442   0.08772   0.01966         0
    52/149     5.12G   0.09417   0.03623         0    0.1304         6       512     0.527    0.5159    0.4755    0.1425    0.0874   0.01949         0
    53/149     5.12G    0.0939   0.03694         0    0.1308         7       512    0.5521    0.5358    0.4952    0.1502   0.08788   0.01936         0
    54/149     5.12G   0.09279   0.03565         0    0.1284         5       512    0.5311    0.4885    0.4634    0.1399    0.0877    0.0195         0
    55/149     5.12G   0.09401   0.03567         0    0.1297        10       512     0.524    0.5202    0.4699    0.1413   0.08873   0.01951         0
    56/149     5.12G   0.09316   0.03584         0     0.129         5       512    0.5213    0.5147     0.473    0.1415   0.08832   0.01955         0
    57/149     5.12G   0.09331   0.03572         0     0.129        11       512    0.5293     0.523      0.48    0.1476   0.08709   0.01937         0
    58/149     5.12G   0.09291   0.03664         0    0.1296        12       512    0.5292    0.5312    0.4836    0.1446   0.08722   0.01941         0
    59/149     5.12G   0.09277   0.03644         0    0.1292         5       512    0.5187    0.5023     0.464    0.1396   0.08828   0.01953         0
    60/149     5.12G   0.09267   0.03575         0    0.1284         9       512     0.501    0.5187    0.4572    0.1368   0.08865    0.0195         0
    61/149     5.12G    0.0919   0.03535         0    0.1272        10       512    0.5147    0.5077     0.463    0.1418    0.0884   0.01937         0
    62/149     5.12G   0.09142   0.03537         0    0.1268         7       512    0.5423    0.5106     0.477    0.1427   0.08821   0.01949         0
    63/149     5.12G   0.09221   0.03647         0    0.1287        10       512    0.5226    0.5128    0.4748    0.1405   0.08843   0.01956         0
    64/149     5.12G   0.09192   0.03599         0    0.1279        12       512    0.4914    0.5237    0.4655    0.1436   0.08819   0.01951         0
    65/149     5.12G   0.09116   0.03618         0    0.1273         6       512    0.5265    0.4731    0.4583    0.1389   0.08821   0.01954         0
